elapsed, window, n, min, mean, median, 95th, 99th, 99_9th, max, errors
10.387111, 10.387111, 71048, 110, 991.5, 427, 604, 741, 130034, 400219, 0
20.007676, 9.620565, 63397, 107, 1399.2, 424, 600, 751, 174272, 594899, 0
30.027587, 10.019911, 68467, 126, 1275.7, 420, 595, 738, 158666, 180121, 0
40.020408, 9.992821, 65601, 107, 1356.5, 420, 597, 806, 145342, 151355, 0
50.014102, 9.993694, 68140, 111, 1314.3, 420, 596, 745, 144919, 150430, 0
60.005132, 9.99103, 66659, 123, 1283.0, 415, 592, 740, 142802, 151223, 0
70.038071, 10.032939, 66611, 112, 1322.8, 423, 598, 780, 131196, 151223, 0
80.019526, 9.981455, 65785, 118, 1286.1, 425, 603, 785, 142554, 152872, 0
90.009389, 9.989863, 66887, 114, 1277.1, 422, 601, 744, 145291, 152377, 0
100.033121, 10.023732, 66292, 112, 1277.3, 422, 602, 786, 132035, 149321, 0
110.03053, 9.997409, 68416, 97, 1328.3, 422, 598, 797, 130894, 137257, 0
120.010332, 9.979802, 65873, 105, 1327.0, 418, 596, 756, 140353, 655048, 0
130.006295, 9.995963, 66101, 106, 1322.4, 424, 600, 757, 132602, 313146, 0
140.045515, 10.03922, 67320, 106, 1390.3, 423, 600, 765, 132717, 151073, 0
150.004847, 9.959332, 66532, 117, 1328.5, 420, 595, 750, 141433, 150747, 0
160.004104, 9.999257, 66371, 94, 1293.1, 421, 596, 733, 144182, 163264, 0
170.058995, 10.054891, 66658, 103, 1342.2, 423, 599, 816, 132636, 167099, 0
180.061129, 10.002134, 67202, 89, 1303.8, 423, 600, 780, 131840, 136910, 0
190.007567, 9.946438, 66394, 113, 1265.2, 423, 597, 740, 146065, 153630, 0
200.019627, 10.01206, 67011, 118, 1315.3, 419, 594, 780, 131573, 151900, 0
210.022533, 10.002906, 66545, 108, 1267.2, 421, 595, 761, 130980, 136998, 0
220.002704, 9.980171, 66186, 105, 1348.5, 423, 597, 764, 142904, 151808, 0
230.009527, 10.006823, 66966, 117, 1377.3, 422, 599, 764, 132881, 150664, 0
240.002584, 9.993057, 67063, 100, 1370.0, 424, 599, 761, 132499, 137578, 0
250.129087, 10.126503, 68063, 107, 1273.5, 423, 596, 738, 131973, 430557, 0
260.142236, 10.013149, 66016, 111, 1319.7, 424, 603, 759, 132361, 139994, 0
270.121189, 9.978953, 67303, 95, 1302.9, 422, 598, 765, 131679, 137189, 0
280.105074, 9.983885, 65750, 90, 1262.5, 425, 599, 754, 145835, 152990, 0
290.125147, 10.020073, 67263, 108, 1292.1, 423, 600, 780, 131945, 137678, 0
300.113155, 9.988008, 66557, 104, 1394.1, 419, 597, 831, 131775, 475393, 0
310.112023, 9.998868, 68318, 103, 1353.7, 411, 595, 752, 145028, 406671, 0
320.100496, 9.988473, 67361, 102, 1361.2, 413, 598, 829, 132584, 145139, 0
330.106562, 10.006066, 65621, 114, 1299.1, 426, 605, 798, 132734, 138279, 0
340.093035, 9.986473, 66943, 102, 1329.4, 422, 599, 748, 144620, 152213, 0
350.120552, 10.027517, 67540, 93, 1263.8, 418, 598, 779, 132077, 138104, 0
360.10995, 9.989398, 66243, 102, 1345.9, 422, 601, 798, 131741, 460334, 0
370.100044, 9.990094, 66455, 114, 1367.9, 420, 598, 749, 144455, 149707, 0
380.121814, 10.02177, 66795, 116, 1374.7, 426, 604, 830, 132749, 141191, 0
390.117457, 9.995643, 66548, 101, 1333.0, 425, 605, 794, 132820, 337718, 0
400.116867, 9.99941, 66894, 110, 1329.9, 424, 598, 750, 142578, 150278, 0
410.121166, 10.004299, 66157, 110, 1298.9, 421, 598, 794, 132136, 494041, 0
420.10927, 9.988104, 67272, 109, 1259.5, 420, 597, 767, 131699, 137029, 0
430.1116, 10.00233, 66826, 129, 1288.7, 424, 600, 766, 132381, 136926, 0
440.108075, 9.996475, 65376, 109, 1324.9, 427, 603, 801, 133763, 397703, 0
450.128867, 10.020792, 67318, 98, 1334.5, 422, 598, 745, 132207, 136108, 0
460.128733, 9.999866, 66408, 122, 1387.6, 426, 603, 758, 133291, 138147, 0
470.137888, 10.009155, 66954, 126, 1357.1, 422, 601, 759, 133127, 137829, 0
480.123199, 9.985311, 65948, 102, 1373.6, 424, 603, 753, 142689, 527179, 0
490.128791, 10.005592, 66820, 108, 1364.7, 424, 603, 804, 132246, 318150, 0
500.137887, 10.009096, 67036, 98, 1261.3, 421, 602, 774, 132018, 136668, 0
510.114782, 9.976895, 66908, 109, 1372.1, 421, 599, 756, 145092, 562111, 0
520.12385, 10.009068, 66720, 117, 1355.3, 424, 604, 816, 132277, 142116, 0
530.124605, 10.000755, 65717, 107, 1405.2, 423, 605, 1088, 132617, 138590, 0
540.09699, 9.972385, 66828, 120, 1360.0, 422, 601, 758, 145824, 464725, 0
550.12591, 10.02892, 66978, 117, 1402.1, 421, 599, 886, 132582, 149506, 0
560.09357, 9.96766, 65416, 114, 1308.8, 422, 598, 745, 145535, 150553, 0
570.114881, 10.021311, 67707, 111, 1385.2, 424, 600, 778, 132869, 144291, 0
580.118374, 10.003493, 67310, 112, 1323.9, 418, 598, 821, 131725, 522418, 0
590.116712, 9.998338, 67376, 114, 1318.0, 417, 596, 735, 142087, 147916, 0
600.122489, 10.005777, 66317, 104, 1370.1, 419, 598, 823, 132031, 144879, 0
610.120939, 9.99845, 66677, 129, 1382.2, 425, 603, 828, 132657, 137247, 0
620.1173, 9.996361, 66468, 105, 1327.7, 421, 598, 743, 142359, 150197, 0
630.112065, 9.994765, 65774, 90, 1367.7, 427, 605, 815, 132742, 140573, 0
640.120176, 10.008111, 68145, 103, 1371.6, 423, 602, 830, 132788, 137875, 0
650.092919, 9.972743, 65577, 109, 1356.6, 420, 602, 756, 145228, 616620, 0
660.102399, 10.00948, 66955, 107, 1326.5, 422, 600, 814, 132357, 147171, 0
670.106705, 10.004306, 63866, 103, 1367.5, 420, 603, 907, 145222, 426395, 0
680.102304, 9.995599, 66420, 127, 1340.2, 425, 598, 789, 132341, 144886, 0
690.105088, 10.002784, 63309, 125, 1307.5, 422, 606, 827, 133521, 393034, 0
700.110067, 10.004979, 66788, 106, 1312.7, 425, 601, 741, 146356, 152499, 0
710.120601, 10.010534, 66456, 95, 1392.4, 424, 601, 792, 145371, 360648, 0
720.126091, 10.00549, 66592, 101, 1272.4, 423, 600, 773, 132310, 140658, 0
730.113071, 9.98698, 66667, 118, 1297.2, 421, 598, 740, 141277, 150585, 0
740.117219, 10.004148, 66861, 114, 1315.3, 423, 597, 749, 135790, 149816, 0
750.124903, 10.007684, 68474, 120, 1369.9, 410, 592, 849, 131285, 452183, 0
760.12686, 10.001957, 67504, 98, 1340.3, 413, 593, 751, 137468, 563486, 0
770.109828, 9.982968, 68111, 107, 1291.3, 403, 589, 815, 132072, 157844, 0
780.124177, 10.014349, 66484, 122, 1332.5, 426, 602, 769, 132959, 137670, 0
790.101607, 9.97743, 67376, 116, 1281.4, 422, 599, 741, 144886, 437685, 0
800.100599, 9.998992, 65929, 102, 1332.7, 423, 603, 785, 133576, 191886, 0
810.101029, 10.00043, 66666, 126, 1314.0, 425, 602, 794, 132491, 137737, 0
820.102905, 10.001876, 66574, 115, 1396.1, 421, 595, 756, 145170, 150489, 0
830.096105, 9.9932, 65760, 129, 1321.6, 426, 605, 788, 132793, 155106, 0
840.13149, 10.035385, 67064, 115, 1265.8, 420, 600, 768, 132407, 371611, 0
850.120742, 9.989252, 67183, 88, 1312.4, 424, 603, 792, 132930, 137003, 0
860.115571, 9.994829, 65666, 105, 1305.8, 426, 603, 776, 132757, 138646, 0
870.120262, 10.004691, 67884, 118, 1301.5, 419, 594, 735, 141614, 153856, 0
880.112696, 9.992434, 66006, 124, 1335.4, 424, 601, 775, 132765, 186363, 0
890.111272, 9.998576, 66980, 116, 1357.7, 424, 601, 791, 132342, 136815, 0
900.130548, 10.019276, 66866, 128, 1326.1, 422, 600, 751, 143606, 150909, 0
910.119729, 9.989181, 66354, 114, 1299.6, 423, 603, 781, 132117, 379515, 0
920.131433, 10.011704, 66613, 102, 1350.4, 424, 604, 816, 132718, 136775, 0
930.106745, 9.975312, 66213, 125, 1382.5, 423, 601, 757, 145150, 152308, 0
940.116684, 10.009939, 66264, 133, 1326.0, 426, 604, 784, 132372, 138166, 0
950.108324, 9.99164, 66231, 120, 1303.0, 427, 602, 780, 132820, 138070, 0
960.110561, 10.002237, 67342, 109, 1237.5, 421, 595, 727, 144391, 154037, 0
970.117617, 10.007056, 66721, 83, 1504.0, 421, 600, 13219, 132451, 149415, 0
980.127663, 10.010046, 67137, 104, 1285.9, 424, 604, 777, 132408, 138012, 0
990.087821, 9.960158, 67053, 124, 1297.4, 416, 594, 731, 144749, 152205, 0
1000.121458, 10.033637, 66372, 111, 1308.2, 425, 602, 788, 132447, 145629, 0
1010.116493, 9.995035, 66569, 107, 1346.8, 421, 598, 801, 131826, 142933, 0
1020.110169, 9.993676, 67265, 79, 1391.2, 424, 601, 757, 145696, 152333, 0
1030.098227, 9.988058, 66190, 108, 1351.6, 422, 601, 821, 132843, 158320, 0
1040.111773, 10.013546, 66407, 123, 1296.6, 420, 600, 773, 132841, 491986, 0
1050.100467, 9.988694, 66678, 112, 1317.5, 425, 600, 749, 146505, 471183, 0
1060.115205, 10.014738, 66588, 124, 1312.7, 427, 605, 788, 132367, 191575, 0
1070.120669, 10.005464, 66912, 83, 1290.4, 423, 600, 776, 131955, 340940, 0
1080.140823, 10.020154, 66676, 103, 1267.6, 422, 599, 744, 132470, 137704, 0
1090.137775, 9.996952, 66807, 115, 1314.9, 423, 597, 741, 132144, 136983, 0
1100.130784, 9.993009, 66409, 117, 1404.8, 424, 602, 768, 144271, 150981, 0
1110.125258, 9.994474, 67410, 105, 1375.1, 421, 598, 792, 131315, 146719, 0
1120.121213, 9.995955, 66022, 95, 1417.8, 424, 603, 859, 131688, 139036, 0
1130.137813, 10.0166, 66854, 121, 1379.2, 422, 597, 747, 143598, 403070, 0
1140.120439, 9.982626, 67353, 98, 1385.4, 423, 599, 794, 131555, 348480, 0
1150.137828, 10.017389, 66177, 106, 1320.2, 422, 601, 787, 130931, 466936, 0
1160.11051, 9.972682, 66387, 102, 1381.6, 420, 597, 761, 144992, 542898, 0
1170.113501, 10.002991, 66165, 126, 1327.5, 426, 603, 814, 131601, 440094, 0
1180.109828, 9.996327, 66979, 100, 1360.0, 424, 603, 793, 130846, 138748, 0
1190.122294, 10.012466, 66748, 101, 1307.0, 420, 597, 744, 145141, 554640, 0
1200.122482, 10.000188, 67769, 100, 1295.3, 418, 596, 782, 130628, 333320, 0
1210.121062, 9.99858, 66069, 92, 1298.3, 423, 599, 791, 130738, 560000, 0
1220.116376, 9.995314, 66968, 116, 1287.7, 419, 594, 741, 143749, 148840, 0
1230.120451, 10.004075, 67576, 128, 1335.0, 422, 598, 790, 130502, 457715, 0
1240.120592, 10.000141, 66451, 112, 1361.1, 419, 597, 819, 130307, 531174, 0
1250.10584, 9.985248, 66819, 131, 1304.2, 420, 598, 747, 145371, 494190, 0
1260.119167, 10.013327, 67643, 96, 1289.2, 420, 599, 776, 130668, 147512, 0
1270.122097, 10.00293, 66099, 117, 1321.6, 421, 598, 801, 130506, 135473, 0
1280.13471, 10.012613, 66590, 110, 1304.6, 420, 595, 742, 141746, 149915, 0
1290.133997, 9.999287, 67047, 105, 1318.2, 424, 602, 785, 132046, 144641, 0
1300.115318, 9.981321, 66285, 103, 1280.4, 423, 601, 776, 131641, 135104, 0
1310.10098, 9.985662, 68068, 108, 1337.4, 419, 594, 736, 141009, 151983, 0
1320.127387, 10.026407, 66399, 104, 1320.7, 419, 599, 778, 131129, 293030, 0
1330.127339, 9.999952, 66550, 108, 1351.2, 423, 601, 800, 130926, 505793, 0
1340.118881, 9.991542, 66416, 94, 1334.8, 421, 599, 759, 145109, 152931, 0
1350.121917, 10.003036, 67430, 113, 1263.8, 421, 596, 767, 129691, 136251, 0
1360.114316, 9.992399, 67013, 100, 1315.6, 423, 598, 795, 130402, 138245, 0
1370.105704, 9.991388, 71658, 89, 1297.3, 382, 579, 735, 143873, 465651, 0
1380.115364, 10.00966, 66524, 108, 1308.5, 422, 600, 847, 130980, 148610, 0
1390.109888, 9.994524, 67203, 104, 1323.0, 420, 599, 804, 129776, 137008, 0
1400.129019, 10.019131, 66662, 118, 1289.4, 418, 594, 738, 141297, 151740, 0
1410.124061, 9.995042, 66948, 111, 1326.1, 422, 601, 799, 130870, 146256, 0
1420.122756, 9.998695, 66259, 110, 1373.9, 421, 601, 831, 131034, 136598, 0
1430.116398, 9.993642, 67650, 117, 1313.1, 419, 593, 734, 140811, 440990, 0
1440.103264, 9.986866, 66833, 105, 1349.8, 420, 597, 789, 130637, 430343, 0
1450.121993, 10.018729, 66924, 101, 1331.7, 421, 599, 980, 130091, 506272, 0
1460.113894, 9.991901, 66785, 97, 1402.0, 421, 598, 755, 144035, 152487, 0
1470.12186, 10.007966, 66315, 109, 1343.6, 423, 602, 790, 130976, 438981, 0
1480.10866, 9.9868, 66895, 98, 1372.0, 421, 601, 850, 130453, 389522, 0
1490.104805, 9.996145, 66852, 116, 1356.4, 422, 600, 762, 145173, 150969, 0
1500.12486, 10.020055, 67028, 112, 1327.5, 423, 599, 783, 131651, 190245, 0
1510.127223, 10.002363, 66247, 99, 1282.9, 421, 598, 781, 131282, 536906, 0
1520.105984, 9.978761, 66680, 134, 1367.0, 425, 602, 759, 146093, 152003, 0
1530.119187, 10.013203, 66417, 111, 1365.8, 424, 603, 786, 132305, 449001, 0
1540.105739, 9.986552, 66859, 113, 1345.9, 421, 599, 744, 145121, 537820, 0
1550.101731, 9.995992, 68016, 94, 1318.2, 417, 595, 794, 131180, 147034, 0
1560.097379, 9.995648, 65624, 106, 1274.6, 424, 601, 765, 131667, 502574, 0
1570.109388, 10.012009, 66250, 113, 1276.6, 425, 600, 743, 145007, 494204, 0
1580.091573, 9.982185, 65206, 117, 1306.8, 420, 602, 791, 132962, 188372, 0
1590.101815, 10.010242, 66122, 116, 1331.3, 424, 602, 778, 132387, 471767, 0
1600.108051, 10.006236, 66255, 117, 1307.8, 424, 599, 745, 144799, 587960, 0
1610.120444, 10.012393, 67020, 120, 1324.5, 421, 597, 797, 130741, 144365, 0
1620.112727, 9.992283, 67867, 97, 1284.8, 421, 597, 759, 130963, 372394, 0
1630.102534, 9.989807, 65804, 105, 1278.6, 422, 599, 744, 145161, 153832, 0
1640.116748, 10.014214, 66524, 120, 1314.7, 424, 600, 781, 132013, 308666, 0
1650.12137, 10.004622, 66871, 122, 1313.8, 422, 598, 768, 131108, 335449, 0
1660.124333, 10.002963, 69484, 100, 1323.0, 408, 587, 731, 143813, 337888, 0
1670.12132, 9.996987, 68466, 99, 1302.0, 407, 591, 804, 130772, 371126, 0
1680.1073, 9.98598, 65878, 108, 1415.5, 422, 599, 852, 131773, 137794, 0
1690.111959, 10.004659, 67250, 99, 1354.9, 422, 598, 765, 144634, 347410, 0
1700.109942, 9.997983, 67779, 96, 1356.4, 419, 600, 825, 130835, 149349, 0
1710.107838, 9.997896, 66811, 91, 1307.4, 419, 596, 769, 131233, 472026, 0
1720.091477, 9.983639, 65859, 121, 1374.3, 422, 600, 755, 145526, 613568, 0
1730.100739, 10.009262, 67171, 117, 1304.8, 424, 601, 777, 131691, 142327, 0
1740.117996, 10.017257, 66674, 126, 1302.5, 423, 599, 739, 143246, 150263, 0
1750.110893, 9.992897, 66297, 108, 1340.5, 422, 601, 805, 132068, 138404, 0
1760.11313, 10.002237, 66786, 108, 1321.1, 423, 600, 779, 131956, 136205, 0
1770.115067, 10.001937, 67668, 97, 1320.7, 417, 592, 739, 143883, 150846, 0
1780.113758, 9.998691, 66257, 104, 1273.1, 423, 598, 760, 131702, 140038, 0
1790.116285, 10.002527, 66804, 106, 1303.0, 425, 601, 775, 130696, 136440, 0
1800.11552, 9.999235, 67705, 132, 1342.8, 421, 597, 742, 145961, 152776, 0
1805.638415, 5.522895, 35196, 99, 1205.8, 416, 596, 758, 142776, 384398, 0
