elapsed, window, total, successful, failed
10.387111, 10.387111, 143401, 143401, 0
20.007676, 9.620565, 127440, 127440, 0
30.027587, 10.019911, 136152, 136152, 0
40.020408, 9.992821, 130969, 130969, 0
50.014102, 9.993694, 137180, 137180, 0
60.005132, 9.99103, 132350, 132350, 0
70.038071, 10.032939, 133518, 133518, 0
80.019526, 9.981455, 131404, 131404, 0
90.009389, 9.989863, 133940, 133940, 0
100.033121, 10.023732, 133011, 133011, 0
110.03053, 9.997409, 137307, 137307, 0
120.010332, 9.979802, 131197, 131197, 0
130.006295, 9.995963, 131854, 131854, 0
140.045515, 10.03922, 135407, 135407, 0
150.004847, 9.959332, 132608, 132608, 0
160.004104, 9.999257, 133225, 133225, 0
170.058995, 10.054891, 132644, 132644, 0
180.061129, 10.002134, 134353, 134353, 0
190.007567, 9.946438, 132767, 132767, 0
200.019627, 10.01206, 133938, 133938, 0
210.022533, 10.002906, 133239, 133239, 0
220.002704, 9.980171, 132152, 132152, 0
230.009527, 10.006823, 133616, 133616, 0
240.002584, 9.993057, 133705, 133705, 0
250.129087, 10.126503, 135812, 135812, 0
260.142236, 10.013149, 131758, 131758, 0
270.121189, 9.978953, 134020, 134020, 0
280.105074, 9.983885, 131900, 131900, 0
290.125147, 10.020073, 134705, 134705, 0
300.113155, 9.988008, 132637, 132637, 0
310.112023, 9.998868, 136956, 136956, 0
320.100496, 9.988473, 134998, 134998, 0
330.106562, 10.006066, 131509, 131509, 0
340.093035, 9.986473, 135339, 135339, 0
350.120552, 10.027517, 134631, 134631, 0
360.10995, 9.989398, 131840, 131840, 0
370.100044, 9.990094, 133415, 133415, 0
380.121814, 10.02177, 133508, 133508, 0
390.117457, 9.995643, 132817, 132817, 0
400.116867, 9.99941, 134406, 134406, 0
410.121166, 10.004299, 132266, 132266, 0
420.10927, 9.988104, 134005, 134005, 0
430.1116, 10.00233, 133423, 133423, 0
440.108075, 9.996475, 131525, 131525, 0
450.128867, 10.020792, 134118, 134118, 0
460.128733, 9.999866, 132946, 132946, 0
470.137888, 10.009155, 133820, 133820, 0
480.123199, 9.985311, 132047, 132047, 0
490.128791, 10.005592, 133649, 133649, 0
500.137887, 10.009096, 134581, 134581, 0
510.114782, 9.976895, 132875, 132875, 0
520.12385, 10.009068, 133928, 133928, 0
530.124605, 10.000755, 131398, 131398, 0
540.09699, 9.972385, 134012, 134012, 0
550.12591, 10.02892, 134152, 134152, 0
560.09357, 9.96766, 130868, 130868, 0
570.114881, 10.021311, 135935, 135935, 0
580.118374, 10.003493, 133964, 133964, 0
590.116712, 9.998338, 133807, 133807, 0
600.122489, 10.005777, 132440, 132440, 0
610.120939, 9.99845, 133548, 133548, 0
620.1173, 9.996361, 133390, 133390, 0
630.112065, 9.994765, 131124, 131124, 0
640.120176, 10.008111, 135964, 135964, 0
650.092919, 9.972743, 130851, 130851, 0
660.102399, 10.00948, 133773, 133773, 0
670.106705, 10.004306, 127633, 127633, 0
680.102304, 9.995599, 132857, 132857, 0
690.105088, 10.002784, 126212, 126212, 0
700.110067, 10.004979, 133630, 133630, 0
710.120601, 10.010534, 132880, 132880, 0
720.126091, 10.00549, 133844, 133844, 0
730.113071, 9.98698, 132932, 132932, 0
740.117219, 10.004148, 133583, 133583, 0
750.124903, 10.007684, 137063, 137063, 0
760.12686, 10.001957, 134679, 134679, 0
770.109828, 9.982968, 136758, 136758, 0
780.124177, 10.014349, 133239, 133239, 0
790.101607, 9.97743, 134785, 134785, 0
800.100599, 9.998992, 131531, 131531, 0
810.101029, 10.00043, 133530, 133530, 0
820.102905, 10.001876, 134025, 134025, 0
830.096105, 9.9932, 132071, 132071, 0
840.13149, 10.035385, 134347, 134347, 0
850.120742, 9.989252, 133771, 133771, 0
860.115571, 9.994829, 131678, 131678, 0
870.120262, 10.004691, 135301, 135301, 0
880.112696, 9.992434, 131846, 131846, 0
890.111272, 9.998576, 134620, 134620, 0
900.130548, 10.019276, 133641, 133641, 0
910.119729, 9.989181, 132868, 132868, 0
920.131433, 10.011704, 133333, 133333, 0
930.106745, 9.975312, 131811, 131811, 0
940.116684, 10.009939, 132285, 132285, 0
950.108324, 9.99164, 132402, 132402, 0
960.110561, 10.002237, 135297, 135297, 0
970.117617, 10.007056, 132335, 132335, 0
980.127663, 10.010046, 133672, 133672, 0
990.087821, 9.960158, 135252, 135252, 0
1000.121458, 10.033637, 132560, 132560, 0
1010.116493, 9.995035, 133030, 133030, 0
1020.110169, 9.993676, 134856, 134856, 0
1030.098227, 9.988058, 133045, 133045, 0
1040.111773, 10.013546, 132152, 132152, 0
1050.100467, 9.988694, 132712, 132712, 0
1060.115205, 10.014738, 133241, 133241, 0
1070.120669, 10.005464, 133788, 133788, 0
1080.140823, 10.020154, 133283, 133283, 0
1090.137775, 9.996952, 134332, 134332, 0
1100.130784, 9.993009, 131968, 131968, 0
1110.125258, 9.994474, 134253, 134253, 0
1120.121213, 9.995955, 132175, 132175, 0
1130.137813, 10.0166, 133764, 133764, 0
1140.120439, 9.982626, 135322, 135322, 0
1150.137828, 10.017389, 133019, 133019, 0
1160.11051, 9.972682, 132549, 132549, 0
1170.113501, 10.002991, 131827, 131827, 0
1180.109828, 9.996327, 134700, 134700, 0
1190.122294, 10.012466, 133031, 133031, 0
1200.122482, 10.000188, 135785, 135785, 0
1210.121062, 9.99858, 132173, 132173, 0
1220.116376, 9.995314, 134018, 134018, 0
1230.120451, 10.004075, 134915, 134915, 0
1240.120592, 10.000141, 133209, 133209, 0
1250.10584, 9.985248, 133757, 133757, 0
1260.119167, 10.013327, 134555, 134555, 0
1270.122097, 10.00293, 132866, 132866, 0
1280.13471, 10.012613, 133736, 133736, 0
1290.133997, 9.999287, 133804, 133804, 0
1300.115318, 9.981321, 132128, 132128, 0
1310.10098, 9.985662, 135623, 135623, 0
1320.127387, 10.026407, 132995, 132995, 0
1330.127339, 9.999952, 133105, 133105, 0
1340.118881, 9.991542, 132024, 132024, 0
1350.121917, 10.003036, 134407, 134407, 0
1360.114316, 9.992399, 134054, 134054, 0
1370.105704, 9.991388, 143889, 143889, 0
1380.115364, 10.00966, 132789, 132789, 0
1390.109888, 9.994524, 134669, 134669, 0
1400.129019, 10.019131, 133280, 133280, 0
1410.124061, 9.995042, 133658, 133658, 0
1420.122756, 9.998695, 133040, 133040, 0
1430.116398, 9.993642, 135834, 135834, 0
1440.103264, 9.986866, 133519, 133519, 0
1450.121993, 10.018729, 133143, 133143, 0
1460.113894, 9.991901, 133726, 133726, 0
1470.12186, 10.007966, 132926, 132926, 0
1480.10866, 9.9868, 133882, 133882, 0
1490.104805, 9.996145, 133089, 133089, 0
1500.12486, 10.020055, 135195, 135195, 0
1510.127223, 10.002363, 131898, 131898, 0
1520.105984, 9.978761, 133168, 133168, 0
1530.119187, 10.013203, 132694, 132694, 0
1540.105739, 9.986552, 133414, 133414, 0
1550.101731, 9.995992, 135990, 135990, 0
1560.097379, 9.995648, 131849, 131849, 0
1570.109388, 10.012009, 132236, 132236, 0
1580.091573, 9.982185, 130592, 130592, 0
1590.101815, 10.010242, 132654, 132654, 0
1600.108051, 10.006236, 132835, 132835, 0
1610.120444, 10.012393, 134035, 134035, 0
1620.112727, 9.992283, 136019, 136019, 0
1630.102534, 9.989807, 130910, 130910, 0
1640.116748, 10.014214, 133368, 133368, 0
1650.12137, 10.004622, 134196, 134196, 0
1660.124333, 10.002963, 139845, 139845, 0
1670.12132, 9.996987, 135955, 135955, 0
1680.1073, 9.98598, 131770, 131770, 0
1690.111959, 10.004659, 134841, 134841, 0
1700.109942, 9.997983, 134618, 134618, 0
1710.107838, 9.997896, 133483, 133483, 0
1720.091477, 9.983639, 131569, 131569, 0
1730.100739, 10.009262, 134098, 134098, 0
1740.117996, 10.017257, 133988, 133988, 0
1750.110893, 9.992897, 132865, 132865, 0
1760.11313, 10.002237, 132450, 132450, 0
1770.115067, 10.001937, 135701, 135701, 0
1780.113758, 9.998691, 132286, 132286, 0
1790.116285, 10.002527, 133629, 133629, 0
1800.11552, 9.999235, 135962, 135962, 0
1805.638415, 5.522895, 69382, 69382, 0
